1 9 ± 1 9 ± 3 10
2 7 ± 2 11 ± 2 15
3 15 ± 3 4 ± 2 5
4 12 ± 1 4 ± 1 15
5 15 ± 5 15 ± 5 15
6 14 ± 3 8 ± 2 10
7 9 ± 1 9 ± 4 10
8 6 ± 3 7 ± 3 5
9 13 ± 1 12 ± 1 15
10 10 ± 2 6 ± 3 5



2.710982588975848 0
0.9690420503109181 1000
0.8638251375102755 2000
0.7470521823211129 3000
0.6408233289535019 4000
0.5485378909147585 5000
0.4692835684154488 6000
0.4014223066651539 7000
0.3433612759654352 8000
0.2936952055033544 9000
Anne-Lise Expected time after 10 000 iterations: 5923.209019769585
 Delta: 0.25125177577137947